//Vector de muestras (entrada)

#define X_LEN 200

//Para pegar en C

float x[X_LEN]={0.00000000,0.96545146,1.26007351,0.76300749,0.00000000,-0.29289322,0.22123174,1.20002352,1.90211303,1.79670533,1.00000000,0.17867135,0.00000000,0.58198953,1.39680225,1.70710678,1.17557050,0.14497351,-0.64203952,-0.65258253,0.00000000,0.65258253,0.64203952,-0.14497351,-1.17557050,-1.70710678,-1.39680225,-0.58198953,0.00000000,-0.17867135,-1.00000000,-1.79670533,-1.90211303,-1.20002352,-0.22123174,0.29289322,0.00000000,-0.76300749,-1.26007351,-0.96545146,0.00000000,0.96545146,1.26007351,0.76300749,0.00000000,-0.29289322,0.22123174,1.20002352,1.90211303,1.79670533,1.00000000,0.17867135,0.00000000,0.58198953,1.39680225,1.70710678,1.17557050,0.14497351,-0.64203952,-0.65258253,0.00000000,0.65258253,0.64203952,-0.14497351,-1.17557050,-1.70710678,-1.39680225,-0.58198953,0.00000000,-0.17867135,-1.00000000,-1.79670533,-1.90211303,-1.20002352,-0.22123174,0.29289322,0.00000000,-0.76300749,-1.26007351,-0.96545146,0.00000000,0.96545146,1.26007351,0.76300749,0.00000000,-0.29289322,0.22123174,1.20002352,1.90211303,1.79670533,1.00000000,0.17867135,0.00000000,0.58198953,1.39680225,1.70710678,1.17557050,0.14497351,-0.64203952,-0.65258253,0.00000000,0.65258253,0.64203952,-0.14497351,-1.17557050,-1.70710678,-1.39680225,-0.58198953,0.00000000,-0.17867135,-1.00000000,-1.79670533,-1.90211303,-1.20002352,-0.22123174,0.29289322,0.00000000,-0.76300749,-1.26007351,-0.96545146,0.00000000,0.96545146,1.26007351,0.76300749,0.00000000,-0.29289322,0.22123174,1.20002352,1.90211303,1.79670533,1.00000000,0.17867135,0.00000000,0.58198953,1.39680225,1.70710678,1.17557050,0.14497351,-0.64203952,-0.65258253,0.00000000,0.65258253,0.64203952,-0.14497351,-1.17557050,-1.70710678,-1.39680225,-0.58198953,0.00000000,-0.17867135,-1.00000000,-1.79670533,-1.90211303,-1.20002352,-0.22123174,0.29289322,0.00000000,-0.76300749,-1.26007351,-0.96545146,0.00000000,0.96545146,1.26007351,0.76300749,0.00000000,-0.29289322,0.22123174,1.20002352,1.90211303,1.79670533,1.00000000,0.17867135,0.00000000,0.58198953,1.39680225,1.70710678,1.17557050,0.14497351,-0.64203952,-0.65258253,0.00000000,0.65258253,0.64203952,-0.14497351,-1.17557050,-1.70710678,-1.39680225,-0.58198953,0.00000000,-0.17867135,-1.00000000,-1.79670533,-1.90211303,-1.20002352,-0.22123174,0.29289322,0.00000000,-0.76300749,-1.26007351,-0.96545146};

//Para pegar en consola

0.000000
 0.965451
 1.260074
 0.763007
 0.000000
 -0.292893
 0.221232
 1.200024
 1.902113
 1.796705
 1.000000
 0.178671
 0.000000
 0.581990
 1.396802
 1.707107
 1.175570
 0.144974
 -0.642040
 -0.652583
 0.000000
 0.652583
 0.642040
 -0.144974
 -1.175570
 -1.707107
 -1.396802
 -0.581990
 0.000000
 -0.178671
 -1.000000
 -1.796705
 -1.902113
 -1.200024
 -0.221232
 0.292893
 0.000000
 -0.763007
 -1.260074
 -0.965451
 0.000000
 0.965451
 1.260074
 0.763007
 0.000000
 -0.292893
 0.221232
 1.200024
 1.902113
 1.796705
 1.000000
 0.178671
 0.000000
 0.581990
 1.396802
 1.707107
 1.175570
 0.144974
 -0.642040
 -0.652583
 0.000000
 0.652583
 0.642040
 -0.144974
 -1.175570
 -1.707107
 -1.396802
 -0.581990
 0.000000
 -0.178671
 -1.000000
 -1.796705
 -1.902113
 -1.200024
 -0.221232
 0.292893
 0.000000
 -0.763007
 -1.260074
 -0.965451
 0.000000
 0.965451
 1.260074
 0.763007
 0.000000
 -0.292893
 0.221232
 1.200024
 1.902113
 1.796705
 1.000000
 0.178671
 0.000000
 0.581990
 1.396802
 1.707107
 1.175570
 0.144974
 -0.642040
 -0.652583
 0.000000
 0.652583
 0.642040
 -0.144974
 -1.175570
 -1.707107
 -1.396802
 -0.581990
 0.000000
 -0.178671
 -1.000000
 -1.796705
 -1.902113
 -1.200024
 -0.221232
 0.292893
 0.000000
 -0.763007
 -1.260074
 -0.965451
 0.000000
 0.965451
 1.260074
 0.763007
 0.000000
 -0.292893
 0.221232
 1.200024
 1.902113
 1.796705
 1.000000
 0.178671
 0.000000
 0.581990
 1.396802
 1.707107
 1.175570
 0.144974
 -0.642040
 -0.652583
 0.000000
 0.652583
 0.642040
 -0.144974
 -1.175570
 -1.707107
 -1.396802
 -0.581990
 0.000000
 -0.178671
 -1.000000
 -1.796705
 -1.902113
 -1.200024
 -0.221232
 0.292893
 0.000000
 -0.763007
 -1.260074
 -0.965451
 0.000000
 0.965451
 1.260074
 0.763007
 0.000000
 -0.292893
 0.221232
 1.200024
 1.902113
 1.796705
 1.000000
 0.178671
 0.000000
 0.581990
 1.396802
 1.707107
 1.175570
 0.144974
 -0.642040
 -0.652583
 0.000000
 0.652583
 0.642040
 -0.144974
 -1.175570
 -1.707107
 -1.396802
 -0.581990
 0.000000
 -0.178671
 -1.000000
 -1.796705
 -1.902113
 -1.200024
 -0.221232
 0.292893
 0.000000
 -0.763007
 -1.260074
 -0.965451

//Respuesta del filtro

#define H_LEN 20

const float h[H_LEN] = {
    0.00142192177,-0.002222685143, -0.01374339219, -0.03226045147, -0.04581243545,
   -0.03466457874,   0.0163109675,   0.1029766947,   0.1971883327,   0.2588484883,
     0.2588484883,   0.1971883327,   0.1029766947,   0.0163109675, -0.03466457874,
   -0.04581243545, -0.03226045147, -0.01374339219,-0.002222685143,  0.00142192177
};
